                   0en|i   |y        |
                   5|00000000 |xxx  | 1|
                  10|00000001 |000  | 0|
                  20|00000010 |001  | 0|
                  30|00000011 |001  | 0|
                  40|00000100 |010  | 0|
                  50|00000101 |010  | 0|
                  60|00000110 |010  | 0|
                  70|00000111 |010  | 0|
                  80|00001000 |011  | 0|
                  90|00001001 |011  | 0|
                 100|00001010 |011  | 0|
                 110|00001011 |011  | 0|
                 120|00001100 |011  | 0|
                 130|00001101 |011  | 0|
                 140|00001110 |011  | 0|
                 150|00001111 |011  | 0|
                 160|00010000 |100  | 0|
                 170|00010001 |100  | 0|
                 180|00010010 |100  | 0|
                 190|00010011 |100  | 0|
                 200|00010100 |100  | 0|
                 210|00010101 |100  | 0|
                 220|00010110 |100  | 0|
                 230|00010111 |100  | 0|
                 240|00011000 |100  | 0|
                 250|00011001 |100  | 0|
                 260|00011010 |100  | 0|
                 270|00011011 |100  | 0|
                 280|00011100 |100  | 0|
                 290|00011101 |100  | 0|
                 300|00011110 |100  | 0|
                 310|00011111 |100  | 0|
                 320|00100000 |101  | 0|
                 330|00100001 |101  | 0|
                 340|00100010 |101  | 0|
                 350|00100011 |101  | 0|
                 360|00100100 |101  | 0|
                 370|00100101 |101  | 0|
                 380|00100110 |101  | 0|
                 390|00100111 |101  | 0|
                 400|00101000 |101  | 0|
                 410|00101001 |101  | 0|
                 420|00101010 |101  | 0|
                 430|00101011 |101  | 0|
                 440|00101100 |101  | 0|
                 450|00101101 |101  | 0|
                 460|00101110 |101  | 0|
                 470|00101111 |101  | 0|
                 480|00110000 |101  | 0|
                 490|00110001 |101  | 0|
                 500|00110010 |101  | 0|
                 510|00110011 |101  | 0|
                 520|00110100 |101  | 0|
                 530|00110101 |101  | 0|
                 540|00110110 |101  | 0|
                 550|00110111 |101  | 0|
                 560|00111000 |101  | 0|
                 570|00111001 |101  | 0|
                 580|00111010 |101  | 0|
                 590|00111011 |101  | 0|
                 600|00111100 |101  | 0|
                 610|00111101 |101  | 0|
                 620|00111110 |101  | 0|
                 630|00111111 |101  | 0|
                 640|01000000 |110  | 0|
                 650|01000001 |110  | 0|
                 660|01000010 |110  | 0|
                 670|01000011 |110  | 0|
                 680|01000100 |110  | 0|
                 690|01000101 |110  | 0|
                 700|01000110 |110  | 0|
                 710|01000111 |110  | 0|
                 720|01001000 |110  | 0|
                 730|01001001 |110  | 0|
                 740|01001010 |110  | 0|
                 750|01001011 |110  | 0|
                 760|01001100 |110  | 0|
                 770|01001101 |110  | 0|
                 780|01001110 |110  | 0|
                 790|01001111 |110  | 0|
                 800|01010000 |110  | 0|
                 810|01010001 |110  | 0|
                 820|01010010 |110  | 0|
                 830|01010011 |110  | 0|
                 840|01010100 |110  | 0|
                 850|01010101 |110  | 0|
                 860|01010110 |110  | 0|
                 870|01010111 |110  | 0|
                 880|01011000 |110  | 0|
                 890|01011001 |110  | 0|
                 900|01011010 |110  | 0|
                 910|01011011 |110  | 0|
                 920|01011100 |110  | 0|
                 930|01011101 |110  | 0|
                 940|01011110 |110  | 0|
                 950|01011111 |110  | 0|
                 960|01100000 |110  | 0|
                 970|01100001 |110  | 0|
                 980|01100010 |110  | 0|
                 990|01100011 |110  | 0|
                1000|01100100 |110  | 0|
                1010|01100101 |110  | 0|
                1020|01100110 |110  | 0|
                1030|01100111 |110  | 0|
                1040|01101000 |110  | 0|
                1050|01101001 |110  | 0|
                1060|01101010 |110  | 0|
                1070|01101011 |110  | 0|
                1080|01101100 |110  | 0|
                1090|01101101 |110  | 0|
                1100|01101110 |110  | 0|
                1110|01101111 |110  | 0|
                1120|01110000 |110  | 0|
                1130|01110001 |110  | 0|
                1140|01110010 |110  | 0|
                1150|01110011 |110  | 0|
                1160|01110100 |110  | 0|
                1170|01110101 |110  | 0|
                1180|01110110 |110  | 0|
                1190|01110111 |110  | 0|
                1200|01111000 |110  | 0|
                1210|01111001 |110  | 0|
                1220|01111010 |110  | 0|
                1230|01111011 |110  | 0|
                1240|01111100 |110  | 0|
                1250|01111101 |110  | 0|
                1260|01111110 |110  | 0|
                1270|01111111 |110  | 0|
                1280|10000000 |111  | 0|
                1290|10000001 |111  | 0|
                1300|10000010 |111  | 0|
                1310|10000011 |111  | 0|
                1320|10000100 |111  | 0|
                1330|10000101 |111  | 0|
                1340|10000110 |111  | 0|
                1350|10000111 |111  | 0|
                1360|10001000 |111  | 0|
                1370|10001001 |111  | 0|
                1380|10001010 |111  | 0|
                1390|10001011 |111  | 0|
                1400|10001100 |111  | 0|
                1410|10001101 |111  | 0|
                1420|10001110 |111  | 0|
                1430|10001111 |111  | 0|
                1440|10010000 |111  | 0|
                1450|10010001 |111  | 0|
                1460|10010010 |111  | 0|
                1470|10010011 |111  | 0|
                1480|10010100 |111  | 0|
                1490|10010101 |111  | 0|
                1500|10010110 |111  | 0|
                1510|10010111 |111  | 0|
                1520|10011000 |111  | 0|
                1530|10011001 |111  | 0|
                1540|10011010 |111  | 0|
                1550|10011011 |111  | 0|
                1560|10011100 |111  | 0|
                1570|10011101 |111  | 0|
                1580|10011110 |111  | 0|
                1590|10011111 |111  | 0|
                1600|10100000 |111  | 0|
                1610|10100001 |111  | 0|
                1620|10100010 |111  | 0|
                1630|10100011 |111  | 0|
                1640|10100100 |111  | 0|
                1650|10100101 |111  | 0|
                1660|10100110 |111  | 0|
                1670|10100111 |111  | 0|
                1680|10101000 |111  | 0|
                1690|10101001 |111  | 0|
                1700|10101010 |111  | 0|
                1710|10101011 |111  | 0|
                1720|10101100 |111  | 0|
                1730|10101101 |111  | 0|
                1740|10101110 |111  | 0|
                1750|10101111 |111  | 0|
                1760|10110000 |111  | 0|
                1770|10110001 |111  | 0|
                1780|10110010 |111  | 0|
                1790|10110011 |111  | 0|
                1800|10110100 |111  | 0|
                1810|10110101 |111  | 0|
                1820|10110110 |111  | 0|
                1830|10110111 |111  | 0|
                1840|10111000 |111  | 0|
                1850|10111001 |111  | 0|
                1860|10111010 |111  | 0|
                1870|10111011 |111  | 0|
                1880|10111100 |111  | 0|
                1890|10111101 |111  | 0|
                1900|10111110 |111  | 0|
                1910|10111111 |111  | 0|
                1920|11000000 |111  | 0|
                1930|11000001 |111  | 0|
                1940|11000010 |111  | 0|
                1950|11000011 |111  | 0|
                1960|11000100 |111  | 0|
                1970|11000101 |111  | 0|
                1980|11000110 |111  | 0|
                1990|11000111 |111  | 0|
                2000|11001000 |111  | 0|
                2010|11001001 |111  | 0|
                2020|11001010 |111  | 0|
                2030|11001011 |111  | 0|
                2040|11001100 |111  | 0|
                2050|11001101 |111  | 0|
                2060|11001110 |111  | 0|
                2070|11001111 |111  | 0|
                2080|11010000 |111  | 0|
                2090|11010001 |111  | 0|
                2100|11010010 |111  | 0|
                2110|11010011 |111  | 0|
                2120|11010100 |111  | 0|
                2130|11010101 |111  | 0|
                2140|11010110 |111  | 0|
                2150|11010111 |111  | 0|
                2160|11011000 |111  | 0|
                2170|11011001 |111  | 0|
                2180|11011010 |111  | 0|
                2190|11011011 |111  | 0|
                2200|11011100 |111  | 0|
                2210|11011101 |111  | 0|
                2220|11011110 |111  | 0|
                2230|11011111 |111  | 0|
                2240|11100000 |111  | 0|
                2250|11100001 |111  | 0|
                2260|11100010 |111  | 0|
                2270|11100011 |111  | 0|
                2280|11100100 |111  | 0|
                2290|11100101 |111  | 0|
                2300|11100110 |111  | 0|
                2310|11100111 |111  | 0|
                2320|11101000 |111  | 0|
                2330|11101001 |111  | 0|
                2340|11101010 |111  | 0|
                2350|11101011 |111  | 0|
                2360|11101100 |111  | 0|
                2370|11101101 |111  | 0|
                2380|11101110 |111  | 0|
                2390|11101111 |111  | 0|
                2400|11110000 |111  | 0|
                2410|11110001 |111  | 0|
                2420|11110010 |111  | 0|
                2430|11110011 |111  | 0|
                2440|11110100 |111  | 0|
                2450|11110101 |111  | 0|
                2460|11110110 |111  | 0|
                2470|11110111 |111  | 0|
                2480|11111000 |111  | 0|
                2490|11111001 |111  | 0|
                2500|11111010 |111  | 0|
                2510|11111011 |111  | 0|
                2520|11111100 |111  | 0|
                2530|11111101 |111  | 0|
                2540|11111110 |111  | 0|
                2550|11111111 |111  | 0|
